0.0000000000
0.0000000000
0.0000000000
0.0000000000
0.0000000000
0.0000000000
0.0000000000
0.0000000000
0.0000000000
0.0000000000
0.0000000000
0.0000000000
0.0000000000
0.0000000000
0.0000000000
0.0000000000
0.0000000000
0.0000000000
0.0000000000
0.0000000000
0.0000000000
0.0000000000
0.0000000000
0.0000000000
0.0000000000
0.0000000000
0.0000000000
0.0000000000
0.0000000000
0.0000000000
0.0000000000
0.0000000000
0.0000000000
0.0000000000
0.0000000000
0.0000000000
0.0000000000
0.0000000000
0.0000000000
0.0000000000
0.0000000000
0.0000000000
0.0000000000
0.0000000000
0.0000000000
0.0000000000
0.0000000000
0.0000000000
0.0000000000
0.0000000000
0.0000000000
0.0000000000
0.0000000000
0.0000000000
0.0000000000
0.0000000000
0.0000000000
0.0000000000
0.0000000000
0.0000000000
0.0000000000
0.0000000000
0.0000000000
0.0000000000
0.0000000000
0.0000000000
0.0000000000
0.0000000000
0.0000000000
0.0000000000
0.0000000000
0.0000000000
0.0000000000
0.0000000000
0.0000000000
0.0000000000
0.0000000000
0.0000000000
0.0000000000
0.0000000000
0.0000000000
0.0000000000
0.0000000000
0.0000000000
0.0000000000
0.0000000000
0.0000000000
0.0000000000
0.0000000000
0.0000000000
0.0000000000
0.0000000000
0.0000000000
0.0000000000
0.0000000000
0.0000000000
0.0000000000
0.0000000000
0.0000000000
0.0000000000
0.0000000000
0.0000000000
0.0000000000
0.0000000000
0.0000000000
0.0000000000
0.0000000000
0.0000000000
0.0000000000
0.0000000000
0.0000000000
0.0000000000
0.0000000000
0.0000000000
0.0000000000
0.0000000000
0.0000000000
0.0000000000
0.0000000000
0.0000000000
0.0000000000
0.1960784346
0.5843137503
0.9960784316
0.6862745285
0.4117647111
0.4117647111
0.4117647111
0.2470588237
0.0000000000
0.0000000000
0.0000000000
0.0000000000
0.0000000000
0.0000000000
0.0000000000
0.0000000000
0.0000000000
0.0000000000
0.0000000000
0.0000000000
0.0000000000
0.0000000000
0.0000000000
0.0000000000
0.0000000000
0.0000000000
0.0000000000
0.1882352978
0.9019607902
0.9921568632
0.9921568632
0.9921568632
0.9921568632
0.9921568632
0.9921568632
0.9254902005
0.6823529601
0.2352941185
0.1254902035
0.0000000000
0.0000000000
0.0000000000
0.0000000000
0.0000000000
0.0000000000
0.0000000000
0.0000000000
0.0000000000
0.0000000000
0.0000000000
0.0000000000
0.0000000000
0.0000000000
0.0000000000
0.1882352978
0.8705882430
0.9921568632
0.9921568632
0.9921568632
0.9921568632
0.9921568632
0.9921568632
0.9921568632
0.9960784316
0.9921568632
0.9921568632
0.8274509907
0.4745098054
0.0196078438
0.0000000000
0.0000000000
0.0000000000
0.0000000000
0.0000000000
0.0000000000
0.0000000000
0.0000000000
0.0000000000
0.0000000000
0.0000000000
0.0000000000
0.0000000000
0.8196078539
0.9921568632
0.9921568632
0.9921568632
0.9921568632
0.9921568632
0.9921568632
0.9921568632
0.9921568632
0.9960784316
0.9921568632
0.9921568632
0.9921568632
0.9921568632
0.5647059083
0.0000000000
0.0000000000
0.0000000000
0.0000000000
0.0000000000
0.0000000000
0.0000000000
0.0000000000
0.0000000000
0.0000000000
0.0000000000
0.0000000000
0.0000000000
0.8196078539
0.9921568632
0.9921568632
0.9921568632
0.9921568632
0.8352941275
0.1450980455
0.1137254909
0.4627451003
0.7019608021
0.7686274648
0.9921568632
0.9921568632
0.9921568632
0.9803921580
0.5686274767
0.0156862754
0.0000000000
0.0000000000
0.0000000000
0.0000000000
0.0000000000
0.0000000000
0.0000000000
0.0000000000
0.0000000000
0.0000000000
0.2941176593
0.9411764741
0.9921568632
0.9921568632
0.9921568632
0.9098039269
0.1372549087
0.0000000000
0.0000000000
0.0000000000
0.0000000000
0.0705882385
0.3254902065
0.9294117689
0.9921568632
0.9921568632
0.9921568632
0.1254902035
0.0000000000
0.0000000000
0.0000000000
0.0000000000
0.0000000000
0.0000000000
0.0000000000
0.0000000000
0.0000000000
0.0000000000
0.4117647111
0.9921568632
0.9921568632
0.9921568632
0.9921568632
0.5607843399
0.0000000000
0.0000000000
0.0000000000
0.0000000000
0.0000000000
0.0000000000
0.0000000000
0.4705882370
0.9921568632
0.9921568632
0.9921568632
0.8274509907
0.1254902035
0.0000000000
0.0000000000
0.0000000000
0.0000000000
0.0000000000
0.0000000000
0.0000000000
0.0000000000
0.0000000000
0.9686274529
0.9921568632
0.9921568632
0.9921568632
0.9921568632
0.8431372643
0.0000000000
0.0000000000
0.0000000000
0.0000000000
0.0000000000
0.0000000000
0.0000000000
0.0274509806
0.3333333433
0.9921568632
0.9921568632
0.9921568632
0.7843137383
0.0000000000
0.0000000000
0.0000000000
0.0000000000
0.0000000000
0.0000000000
0.0000000000
0.0000000000
0.0000000000
0.9960784316
0.9921568632
0.9921568632
0.9921568632
0.9921568632
0.9647058845
0.3607843220
0.0000000000
0.0000000000
0.0000000000
0.0000000000
0.0000000000
0.0000000000
0.0000000000
0.0705882385
0.7686274648
0.9921568632
0.9921568632
0.8156862855
0.0000000000
0.0000000000
0.0000000000
0.0000000000
0.0000000000
0.0000000000
0.0000000000
0.0000000000
0.0000000000
0.9960784316
0.9921568632
0.9921568632
0.9921568632
0.9921568632
0.9921568632
0.4666666687
0.0000000000
0.0000000000
0.0000000000
0.0000000000
0.0000000000
0.0000000000
0.0000000000
0.0000000000
0.7019608021
0.9921568632
0.9921568632
0.8156862855
0.0000000000
0.0000000000
0.0000000000
0.0000000000
0.0000000000
0.0000000000
0.0000000000
0.0000000000
0.0000000000
0.7607843280
0.9960784316
0.9960784316
0.9960784316
0.9960784316
0.9960784316
0.4705882370
0.0000000000
0.0000000000
0.0000000000
0.0000000000
0.0000000000
0.0000000000
0.0000000000
0.0000000000
0.1215686277
0.9960784316
1.0000000000
0.9960784316
0.4117647111
0.0000000000
0.0000000000
0.0000000000
0.0000000000
0.0000000000
0.0000000000
0.0000000000
0.0000000000
0.4117647111
0.9921568632
0.9921568632
0.9921568632
0.7843137383
0.6862745285
0.0823529437
0.0000000000
0.0000000000
0.0000000000
0.0000000000
0.0000000000
0.0000000000
0.0000000000
0.0000000000
0.2588235438
0.9921568632
0.9921568632
0.9921568632
0.4078431427
0.0000000000
0.0000000000
0.0000000000
0.0000000000
0.0000000000
0.0000000000
0.0000000000
0.0000000000
0.4117647111
0.9921568632
0.9921568632
0.9921568632
0.1137254909
0.0000000000
0.0000000000
0.0000000000
0.0000000000
0.0000000000
0.0000000000
0.0000000000
0.0000000000
0.0000000000
0.0000000000
0.7019608021
0.9921568632
0.9921568632
0.8784313798
0.1450980455
0.0000000000
0.0000000000
0.0000000000
0.0000000000
0.0000000000
0.0000000000
0.0000000000
0.0000000000
0.4117647111
0.9921568632
0.9921568632
0.9921568632
0.1137254909
0.0000000000
0.0000000000
0.0000000000
0.0000000000
0.0000000000
0.0000000000
0.0000000000
0.0000000000
0.0000000000
0.1411764771
0.8392156959
0.9921568632
0.9921568632
0.8156862855
0.0000000000
0.0000000000
0.0000000000
0.0000000000
0.0000000000
0.0000000000
0.0000000000
0.0000000000
0.0000000000
0.0470588244
0.8392156959
0.9921568632
0.9921568632
0.6313725710
0.0000000000
0.0000000000
0.0000000000
0.0000000000
0.0000000000
0.0000000000
0.0000000000
0.0000000000
0.1411764771
0.8470588326
0.9921568632
0.9921568632
0.9921568632
0.6431372762
0.0000000000
0.0000000000
0.0000000000
0.0000000000
0.0000000000
0.0000000000
0.0000000000
0.0000000000
0.0000000000
0.0000000000
0.8196078539
0.9921568632
0.9921568632
0.9058823586
0.6352941394
0.0588235296
0.0000000000
0.0000000000
0.0000000000
0.0000000000
0.0313725509
0.1529411823
0.8392156959
0.9921568632
0.9921568632
0.9921568632
0.8823529482
0.2039215714
0.0000000000
0.0000000000
0.0000000000
0.0000000000
0.0000000000
0.0000000000
0.0000000000
0.0000000000
0.0000000000
0.0000000000
0.5098039508
0.9921568632
0.9921568632
0.9921568632
0.9921568632
0.7450980544
0.5254902244
0.2196078449
0.5254902244
0.5294117928
0.6392157078
0.9921568632
0.9921568632
0.9921568632
0.9921568632
0.9921568632
0.0549019612
0.0000000000
0.0000000000
0.0000000000
0.0000000000
0.0000000000
0.0000000000
0.0000000000
0.0000000000
0.0000000000
0.0000000000
0.0000000000
0.0156862754
0.4588235319
0.9921568632
0.9921568632
0.9921568632
0.9921568632
0.9921568632
0.9607843161
0.9921568632
1.0000000000
0.9921568632
0.9921568632
0.9921568632
0.9921568632
0.6705882549
0.0549019612
0.0039215689
0.0000000000
0.0000000000
0.0000000000
0.0000000000
0.0000000000
0.0000000000
0.0000000000
0.0000000000
0.0000000000
0.0000000000
0.0000000000
0.0000000000
0.0156862754
0.5058823824
0.9725490212
0.9921568632
0.9921568632
0.9921568632
0.9921568632
0.9921568632
0.9960784316
0.9921568632
0.9921568632
0.9098039269
0.6431372762
0.0666666701
0.0000000000
0.0000000000
0.0000000000
0.0000000000
0.0000000000
0.0000000000
0.0000000000
0.0000000000
0.0000000000
0.0000000000
0.0000000000
0.0000000000
0.0000000000
0.0000000000
0.0000000000
0.0000000000
0.3607843220
0.4784313738
0.9921568632
0.9921568632
0.9921568632
0.9921568632
1.0000000000
0.8509804010
0.4078431427
0.2156862766
0.0000000000
0.0000000000
0.0000000000
0.0000000000
0.0000000000
0.0000000000
0.0000000000
0.0000000000
0.0000000000
0.0000000000
0.0000000000
0.0000000000
0.0000000000
0.0000000000
0.0000000000
0.0000000000
0.0000000000
0.0000000000
0.0000000000
0.0000000000
0.0000000000
0.0000000000
0.0000000000
0.0000000000
0.0000000000
0.0000000000
0.0000000000
0.0000000000
0.0000000000
0.0000000000
0.0000000000
0.0000000000
0.0000000000
0.0000000000
0.0000000000
0.0000000000
0.0000000000
0.0000000000
0.0000000000
0.0000000000
0.0000000000
0.0000000000
0.0000000000
0.0000000000
0.0000000000
0.0000000000
0.0000000000
0.0000000000
0.0000000000
0.0000000000
0.0000000000
0.0000000000
0.0000000000
0.0000000000
0.0000000000
0.0000000000
0.0000000000
0.0000000000
0.0000000000
0.0000000000
0.0000000000
0.0000000000
0.0000000000
0.0000000000
0.0000000000
0.0000000000
0.0000000000
0.0000000000
0.0000000000
0.0000000000
0.0000000000
0.0000000000
0.0000000000
0.0000000000
0.0000000000
0.0000000000
0.0000000000
0.0000000000
0.0000000000
0.0000000000
0.0000000000
0.0000000000
0.0000000000
0.0000000000
0.0000000000
0.0000000000
0.0000000000
0.0000000000
0.0000000000
0.0000000000
0.0000000000
0.0000000000
0.0000000000
0.0000000000
0.0000000000
0.0000000000
0.0000000000
0.0000000000
0.0000000000
0.0000000000
0.0000000000
0.0000000000
0.0000000000
0.0000000000
0.0000000000
0.0000000000
0.0000000000
0.0000000000
0.0000000000
0.0000000000
0.0000000000
0.0000000000
0.0000000000
0.0000000000
0.0000000000
0.0000000000
0.0000000000
0.0000000000
0.0000000000
0.0000000000
