0.0000000000
0.0000000000
0.0000000000
0.0000000000
0.0000000000
0.0000000000
0.0000000000
0.0000000000
0.0000000000
0.0000000000
0.0000000000
0.0000000000
0.0000000000
0.0000000000
0.0000000000
0.0000000000
0.0000000000
0.0000000000
0.0000000000
0.0000000000
0.0000000000
0.0000000000
0.0000000000
0.0000000000
0.0000000000
0.0000000000
0.0000000000
0.0000000000
0.0000000000
0.0000000000
0.0000000000
0.0000000000
0.0000000000
0.0000000000
0.0000000000
0.0000000000
0.0000000000
0.0000000000
0.0000000000
0.0000000000
0.0000000000
0.0000000000
0.0000000000
0.0000000000
0.0000000000
0.0000000000
0.0000000000
0.0000000000
0.0000000000
0.0000000000
0.0000000000
0.0000000000
0.0000000000
0.0000000000
0.0000000000
0.0000000000
0.0000000000
0.0000000000
0.0000000000
0.0000000000
0.0000000000
0.0000000000
0.0000000000
0.0000000000
0.0000000000
0.0000000000
0.0000000000
0.0000000000
0.0000000000
0.0000000000
0.0000000000
0.0000000000
0.0000000000
0.0000000000
0.0000000000
0.0000000000
0.0000000000
0.0000000000
0.0000000000
0.0000000000
0.0000000000
0.0000000000
0.0000000000
0.0000000000
0.0000000000
0.0000000000
0.0000000000
0.0000000000
0.0000000000
0.0000000000
0.0000000000
0.0000000000
0.0000000000
0.0000000000
0.0000000000
0.0000000000
0.0000000000
0.0000000000
0.0000000000
0.0000000000
0.0000000000
0.0000000000
0.0000000000
0.0000000000
0.0000000000
0.0000000000
0.0000000000
0.0000000000
0.0000000000
0.0000000000
0.0000000000
0.0000000000
0.0000000000
0.0000000000
0.0000000000
0.0000000000
0.0000000000
0.0000000000
0.0000000000
0.0000000000
0.0000000000
0.0000000000
0.0000000000
0.0000000000
0.0000000000
0.0235294122
0.0509803928
0.0509803928
0.3215686381
0.8156862855
0.9921568632
0.9921568632
0.4862745106
0.0000000000
0.0000000000
0.0000000000
0.0000000000
0.0000000000
0.0000000000
0.0000000000
0.0000000000
0.0000000000
0.0000000000
0.0000000000
0.0000000000
0.0000000000
0.0117647061
0.1647058874
0.5686274767
0.5686274767
0.5686274767
0.5686274767
0.5686274767
0.7490196228
0.9882352948
0.9921568632
0.9882352948
0.9882352948
0.9882352948
0.9882352948
0.7058823705
0.0000000000
0.0000000000
0.0000000000
0.0000000000
0.0000000000
0.0000000000
0.0000000000
0.0000000000
0.0000000000
0.0000000000
0.0000000000
0.0000000000
0.0000000000
0.0980392173
0.9882352948
0.9882352948
0.9882352948
0.9882352948
0.9882352948
0.9882352948
0.9882352948
0.9882352948
0.9921568632
0.9882352948
0.9882352948
0.9882352948
0.9529411793
0.3803921640
0.0000000000
0.0000000000
0.0000000000
0.0000000000
0.0000000000
0.0000000000
0.0000000000
0.0000000000
0.0000000000
0.0000000000
0.0000000000
0.0000000000
0.0000000000
0.0980392173
0.9882352948
0.9882352948
0.9882352948
0.9882352948
0.9882352948
0.9882352948
0.9882352948
0.9882352948
0.9921568632
0.9882352948
0.9882352948
0.9882352948
0.4392156899
0.0000000000
0.0000000000
0.0000000000
0.0000000000
0.0000000000
0.0000000000
0.0000000000
0.0000000000
0.0000000000
0.0000000000
0.0000000000
0.0000000000
0.0000000000
0.0000000000
0.0274509806
0.6078431606
0.9882352948
0.9882352948
0.9882352948
0.7960784435
0.9568627477
0.9882352948
0.9882352948
0.9921568632
0.9882352948
0.9529411793
0.4392156899
0.0823529437
0.0000000000
0.0000000000
0.0000000000
0.0000000000
0.0000000000
0.0000000000
0.0000000000
0.0000000000
0.0000000000
0.0000000000
0.0000000000
0.0000000000
0.0000000000
0.0000000000
0.0000000000
0.0352941193
0.2352941185
0.2352941185
0.2352941185
0.0470588244
0.8509804010
0.9882352948
0.9882352948
0.9921568632
0.9607843161
0.3803921640
0.0000000000
0.0000000000
0.0000000000
0.0000000000
0.0000000000
0.0000000000
0.0000000000
0.0000000000
0.0000000000
0.0000000000
0.0000000000
0.0000000000
0.0000000000
0.0000000000
0.0000000000
0.0000000000
0.0000000000
0.0000000000
0.0000000000
0.0000000000
0.0000000000
0.4313725531
0.9647058845
0.9882352948
0.9882352948
0.9764705896
0.3725490272
0.0000000000
0.0000000000
0.0000000000
0.0000000000
0.0000000000
0.0000000000
0.0000000000
0.0000000000
0.0000000000
0.0000000000
0.0000000000
0.0000000000
0.0000000000
0.0000000000
0.0000000000
0.0000000000
0.0000000000
0.0000000000
0.0000000000
0.0000000000
0.0000000000
0.4274509847
0.9647058845
0.9882352948
0.9882352948
0.9882352948
0.3607843220
0.0000000000
0.0000000000
0.0000000000
0.0000000000
0.0000000000
0.0000000000
0.0000000000
0.0000000000
0.0000000000
0.0000000000
0.0000000000
0.0000000000
0.0000000000
0.0000000000
0.0000000000
0.0000000000
0.0000000000
0.0000000000
0.0000000000
0.0000000000
0.0000000000
0.4196078479
0.9686274529
0.9882352948
0.9882352948
0.9882352948
0.9882352948
0.0000000000
0.0000000000
0.0000000000
0.0000000000
0.0000000000
0.0000000000
0.0000000000
0.0000000000
0.0000000000
0.0000000000
0.0000000000
0.0000000000
0.0000000000
0.0000000000
0.0000000000
0.0000000000
0.0000000000
0.0000000000
0.0000000000
0.0000000000
0.0000000000
0.3176470697
0.8431372643
0.9882352948
0.9882352948
0.9882352948
0.9882352948
0.9882352948
0.4784313738
0.4745098054
0.4745098054
0.1568627506
0.0000000000
0.0000000000
0.0000000000
0.0000000000
0.0000000000
0.0000000000
0.0000000000
0.0000000000
0.0000000000
0.0000000000
0.0000000000
0.0000000000
0.0000000000
0.0000000000
0.0000000000
0.0000000000
0.1450980455
0.9921568632
0.9921568632
0.9921568632
0.9921568632
0.9921568632
0.9921568632
0.9921568632
1.0000000000
0.9921568632
0.9921568632
0.9921568632
0.6549019814
0.1450980455
0.0000000000
0.0000000000
0.0000000000
0.0000000000
0.0000000000
0.0000000000
0.0000000000
0.0000000000
0.0000000000
0.0000000000
0.0000000000
0.0000000000
0.0000000000
0.0000000000
0.1450980455
0.9882352948
0.9882352948
0.9882352948
0.9882352948
0.9882352948
0.9882352948
0.9882352948
0.9921568632
0.9882352948
0.9882352948
0.9882352948
0.9882352948
0.8666666746
0.1843137294
0.0156862754
0.0000000000
0.0000000000
0.0000000000
0.0000000000
0.0000000000
0.0000000000
0.0000000000
0.0000000000
0.0000000000
0.0000000000
0.0000000000
0.0000000000
0.0549019612
0.4666666687
0.8470588326
0.8862745166
0.9411764741
0.9686274529
0.9254902005
0.8470588326
0.8509804010
0.9294117689
0.9882352948
0.9882352948
0.9882352948
0.9882352948
0.9882352948
0.2078431398
0.0000000000
0.0000000000
0.0000000000
0.0000000000
0.0000000000
0.0000000000
0.0000000000
0.0000000000
0.0000000000
0.0000000000
0.0000000000
0.0000000000
0.0000000000
0.0000000000
0.0000000000
0.0941176489
0.2196078449
0.2823529541
0.1882352978
0.0000000000
0.0000000000
0.1882352978
0.3960784376
0.8352941275
0.9882352948
0.9882352948
0.9882352948
0.6823529601
0.0196078438
0.0000000000
0.0000000000
0.0000000000
0.0000000000
0.0000000000
0.0000000000
0.0000000000
0.0000000000
0.0000000000
0.0000000000
0.0000000000
0.0000000000
0.0000000000
0.0000000000
0.0000000000
0.0000000000
0.0000000000
0.0000000000
0.0000000000
0.0000000000
0.0000000000
0.0000000000
0.1019607857
0.8549019694
0.9882352948
0.9882352948
0.9882352948
0.0901960805
0.0000000000
0.0000000000
0.0000000000
0.0000000000
0.0000000000
0.0000000000
0.0000000000
0.0000000000
0.0000000000
0.0000000000
0.0274509806
0.3529411852
0.7568627596
0.6431372762
0.2039215714
0.0000000000
0.0000000000
0.0000000000
0.0000000000
0.0000000000
0.0000000000
0.1803921610
0.6431372762
0.9882352948
0.9882352948
0.9882352948
0.8784313798
0.0666666701
0.0000000000
0.0000000000
0.0000000000
0.0000000000
0.0000000000
0.0000000000
0.0000000000
0.0000000000
0.0000000000
0.0000000000
0.4823529422
0.9882352948
0.9882352948
0.9882352948
0.9372549057
0.8039215803
0.6235294342
0.3333333433
0.3333333433
0.8078431487
0.8039215803
0.9176470637
0.9882352948
0.9882352948
0.9882352948
0.9882352948
0.2274509817
0.0000000000
0.0000000000
0.0000000000
0.0000000000
0.0000000000
0.0000000000
0.0000000000
0.0000000000
0.0000000000
0.0000000000
0.0000000000
0.5686274767
0.9882352948
0.9882352948
0.9882352948
0.9882352948
0.9882352948
0.9882352948
0.9882352948
0.9882352948
0.9921568632
0.9882352948
0.9882352948
0.9882352948
0.9882352948
0.8784313798
0.4549019635
0.0196078438
0.0000000000
0.0000000000
0.0000000000
0.0000000000
0.0000000000
0.0000000000
0.0000000000
0.0000000000
0.0000000000
0.0000000000
0.0000000000
0.5686274767
0.9882352948
0.9882352948
0.9882352948
0.9882352948
0.9882352948
0.9882352948
0.9882352948
0.9882352948
0.9921568632
0.9882352948
0.9882352948
0.9882352948
0.6823529601
0.1764705926
0.0000000000
0.0000000000
0.0000000000
0.0000000000
0.0000000000
0.0000000000
0.0000000000
0.0000000000
0.0000000000
0.0000000000
0.0000000000
0.0000000000
0.0000000000
0.0274509806
0.0431372561
0.0431372561
0.3843137324
0.5137255192
0.5137255192
0.9215686321
0.9882352948
0.9882352948
0.7450980544
0.5137255192
0.4509803951
0.0431372561
0.0156862754
0.0000000000
0.0000000000
0.0000000000
0.0000000000
0.0000000000
0.0000000000
0.0000000000
0.0000000000
0.0000000000
0.0000000000
0.0000000000
0.0000000000
0.0000000000
0.0000000000
0.0000000000
0.0000000000
0.0000000000
0.0000000000
0.0000000000
0.0000000000
0.0000000000
0.0000000000
0.0000000000
0.0000000000
0.0000000000
0.0000000000
0.0000000000
0.0000000000
0.0000000000
0.0000000000
0.0000000000
0.0000000000
0.0000000000
0.0000000000
0.0000000000
0.0000000000
0.0000000000
0.0000000000
0.0000000000
0.0000000000
0.0000000000
0.0000000000
0.0000000000
0.0000000000
0.0000000000
0.0000000000
0.0000000000
0.0000000000
0.0000000000
0.0000000000
0.0000000000
0.0000000000
0.0000000000
0.0000000000
0.0000000000
0.0000000000
0.0000000000
0.0000000000
0.0000000000
0.0000000000
0.0000000000
0.0000000000
0.0000000000
0.0000000000
0.0000000000
0.0000000000
0.0000000000
0.0000000000
0.0000000000
0.0000000000
0.0000000000
0.0000000000
0.0000000000
0.0000000000
0.0000000000
0.0000000000
0.0000000000
0.0000000000
0.0000000000
0.0000000000
0.0000000000
0.0000000000
0.0000000000
0.0000000000
0.0000000000
0.0000000000
0.0000000000
0.0000000000
0.0000000000
0.0000000000
0.0000000000
0.0000000000
0.0000000000
0.0000000000
0.0000000000
0.0000000000
0.0000000000
0.0000000000
0.0000000000
0.0000000000
0.0000000000
0.0000000000
0.0000000000
0.0000000000
0.0000000000
0.0000000000
0.0000000000
0.0000000000
0.0000000000
0.0000000000
0.0000000000
0.0000000000
0.0000000000
0.0000000000
0.0000000000
0.0000000000
0.0000000000
0.0000000000
0.0000000000
0.0000000000
